400 0.030000 0.010571
400 0.100000 0.023626
400 0.300000 0.049216
400 0.500000 0.069232
400 1.000000 0.110000
400 2.000000 0.174776
400 3.000000 0.229145
400 5.000000 0.322333
400 7.000000 0.403569
400 10.000000 0.512145
400 15.000000 0.671462
400 20.000000 0.813731
400 25.000000 0.944532
400 30.000000 1.066866
405 0.030000 0.010518
405 0.100000 0.023622
405 0.300000 0.049425
405 0.500000 0.069668
405 1.000000 0.111000
405 2.000000 0.176854
405 3.000000 0.232246
405 5.000000 0.327364
405 7.000000 0.410420
405 10.000000 0.521582
405 15.000000 0.684946
405 20.000000 0.831027
405 25.000000 0.965470
405 30.000000 1.091311
410 0.030000 0.010366
410 0.100000 0.023505
410 0.300000 0.049613
410 0.500000 0.070219
410 1.000000 0.112500
410 2.000000 0.180241
410 3.000000 0.237462
410 5.000000 0.336087
410 7.000000 0.422493
410 10.000000 0.538459
410 15.000000 0.709406
410 20.000000 0.862686
410 25.000000 1.004042
410 30.000000 1.136567
415 0.030000 0.010204
415 0.100000 0.023334
415 0.300000 0.049634
415 0.500000 0.070500
415 1.000000 0.113500
415 2.000000 0.182727
415 3.000000 0.241423
415 5.000000 0.342916
415 7.000000 0.432094
415 10.000000 0.552072
415 15.000000 0.729408
415 20.000000 0.888799
415 25.000000 1.036050
415 30.000000 1.174298
420 0.030000 0.009913
420 0.100000 0.022832
420 0.300000 0.048886
420 0.500000 0.069651
420 1.000000 0.112600
420 2.000000 0.182034
420 3.000000 0.241092
420 5.000000 0.343498
420 7.000000 0.433702
420 10.000000 0.555314
420 15.000000 0.735478
420 20.000000 0.897743
420 25.000000 1.047878
420 30.000000 1.189004
425 0.030000 0.009450
425 0.100000 0.021977
425 0.300000 0.047471
425 0.500000 0.067912
425 1.000000 0.110400
425 2.000000 0.179470
425 3.000000 0.238469
425 5.000000 0.341151
425 7.000000 0.431900
425 10.000000 0.554586
425 15.000000 0.736901
425 20.000000 0.901553
425 25.000000 1.054205
425 30.000000 1.197929
430 0.030000 0.009035
430 0.100000 0.021165
430 0.300000 0.046020
430 0.500000 0.066037
430 1.000000 0.107800
430 2.000000 0.175973
430 3.000000 0.234392
430 5.000000 0.336349
430 7.000000 0.426681
430 10.000000 0.549059
430 15.000000 0.731333
430 20.000000 0.896287
430 25.000000 1.049451
430 30.000000 1.193833
435 0.030000 0.008895
435 0.100000 0.020862
435 0.300000 0.045410
435 0.500000 0.065196
435 1.000000 0.106500
435 2.000000 0.173972
435 3.000000 0.231820
435 5.000000 0.332828
435 7.000000 0.422356
435 10.000000 0.543688
435 15.000000 0.724473
435 20.000000 0.888135
435 25.000000 1.040138
435 30.000000 1.183454
440 0.030000 0.008725
440 0.100000 0.020439
440 0.300000 0.044440
440 0.500000 0.063771
440 1.000000 0.104100
440 2.000000 0.169933
440 3.000000 0.226347
440 5.000000 0.324805
440 7.000000 0.412036
440 10.000000 0.530213
440 15.000000 0.706232
440 20.000000 0.865524
440 25.000000 1.013431
440 30.000000 1.152857
445 0.030000 0.008436
445 0.100000 0.019691
445 0.300000 0.042673
445 0.500000 0.061141
445 1.000000 0.099600
445 2.000000 0.162250
445 3.000000 0.215850
445 5.000000 0.309267
445 7.000000 0.391930
445 10.000000 0.503801
445 15.000000 0.670236
445 20.000000 0.820700
445 25.000000 0.960305
445 30.000000 1.091824
450 0.030000 0.008312
450 0.100000 0.019329
450 0.300000 0.041752
450 0.500000 0.059731
450 1.000000 0.097100
450 2.000000 0.157849
450 3.000000 0.209740
450 5.000000 0.300052
450 7.000000 0.379868
450 10.000000 0.487775
450 15.000000 0.648126
450 20.000000 0.792942
450 25.000000 0.927204
450 30.000000 1.053613
455 0.030000 0.008094
455 0.100000 0.018779
455 0.300000 0.040474
455 0.500000 0.057842
455 1.000000 0.093900
455 2.000000 0.152435
455 3.000000 0.202383
455 5.000000 0.289232
455 7.000000 0.365923
455 10.000000 0.469532
455 15.000000 0.623381
455 20.000000 0.762229
455 25.000000 0.890893
455 30.000000 1.011983
460 0.030000 0.007696
460 0.100000 0.017878
460 0.300000 0.038574
460 0.500000 0.055155
460 1.000000 0.089600
460 2.000000 0.145556
460 3.000000 0.193327
460 5.000000 0.276431
460 7.000000 0.349846
460 10.000000 0.449064
460 15.000000 0.596447
460 20.000000 0.729506
460 25.000000 0.852837
460 30.000000 0.968931
465 0.030000 0.007301
465 0.100000 0.017021
465 0.300000 0.036848
465 0.500000 0.052768
465 1.000000 0.085900
465 2.000000 0.139835
465 3.000000 0.185956
465 5.000000 0.266299
465 7.000000 0.337363
465 10.000000 0.433504
465 15.000000 0.576481
465 20.000000 0.705695
465 25.000000 0.825553
465 30.000000 0.938446
470 0.030000 0.006995
470 0.100000 0.016308
470 0.300000 0.035303
470 0.500000 0.050556
470 1.000000 0.082300
470 2.000000 0.133975
470 3.000000 0.178162
470 5.000000 0.255138
470 7.000000 0.323224
470 10.000000 0.415336
470 15.000000 0.552322
470 20.000000 0.676120
470 25.000000 0.790955
470 30.000000 0.899117
475 0.030000 0.006698
475 0.100000 0.015614
475 0.300000 0.033802
475 0.500000 0.048406
475 1.000000 0.078800
475 2.000000 0.128277
475 3.000000 0.170586
475 5.000000 0.244288
475 7.000000 0.309478
475 10.000000 0.397673
475 15.000000 0.528833
475 20.000000 0.647367
475 25.000000 0.757318
475 30.000000 0.860880
480 0.030000 0.006341
480 0.100000 0.014782
480 0.300000 0.032000
480 0.500000 0.045826
480 1.000000 0.074600
480 2.000000 0.121440
480 3.000000 0.161494
480 5.000000 0.231268
480 7.000000 0.292983
480 10.000000 0.376477
480 15.000000 0.500646
480 20.000000 0.612862
480 25.000000 0.716953
480 30.000000 0.814995
485 0.030000 0.006149
485 0.100000 0.014353
485 0.300000 0.031105
485 0.500000 0.044567
485 1.000000 0.072600
485 2.000000 0.118267
485 3.000000 0.157337
485 5.000000 0.225430
485 7.000000 0.285684
485 10.000000 0.367229
485 15.000000 0.488545
485 20.000000 0.598221
485 25.000000 0.699981
485 30.000000 0.795848
490 0.030000 0.005886
490 0.100000 0.013704
490 0.300000 0.029634
490 0.500000 0.042416
490 1.000000 0.069000
490 2.000000 0.112246
490 3.000000 0.149207
490 5.000000 0.213563
490 7.000000 0.270463
490 10.000000 0.347415
490 15.000000 0.461812
490 20.000000 0.565161
490 25.000000 0.661002
490 30.000000 0.751256
495 0.030000 0.005669
495 0.100000 0.013169
495 0.300000 0.028414
495 0.500000 0.040628
495 1.000000 0.066000
495 2.000000 0.107217
495 3.000000 0.142406
495 5.000000 0.203621
495 7.000000 0.257699
495 10.000000 0.330784
495 15.000000 0.439347
495 20.000000 0.537359
495 25.000000 0.628206
495 30.000000 0.713722
500 0.030000 0.005463
500 0.100000 0.012690
500 0.300000 0.027381
500 0.500000 0.039150
500 1.000000 0.063600
500 2.000000 0.103319
500 3.000000 0.137228
500 5.000000 0.196217
500 7.000000 0.248328
500 10.000000 0.318755
500 15.000000 0.423371
500 20.000000 0.517819
500 25.000000 0.605362
500 30.000000 0.687768
505 0.030000 0.005245
505 0.100000 0.012110
505 0.300000 0.025987
505 0.500000 0.037063
505 1.000000 0.060000
505 2.000000 0.097133
505 3.000000 0.128751
505 5.000000 0.183627
505 7.000000 0.232003
505 10.000000 0.297270
505 15.000000 0.394035
505 20.000000 0.481246
505 25.000000 0.561978
505 30.000000 0.637897
510 0.030000 0.005142
510 0.100000 0.011801
510 0.300000 0.025185
510 0.500000 0.035828
510 1.000000 0.057800
510 2.000000 0.093248
510 3.000000 0.123351
510 5.000000 0.175476
510 7.000000 0.221333
510 10.000000 0.283092
510 15.000000 0.374482
510 20.000000 0.456708
510 25.000000 0.532729
510 30.000000 0.604145
515 0.030000 0.004889
515 0.100000 0.011153
515 0.300000 0.023671
515 0.500000 0.033588
515 1.000000 0.054000
515 2.000000 0.086816
515 3.000000 0.114610
515 5.000000 0.162625
515 7.000000 0.204779
515 10.000000 0.261453
515 15.000000 0.345157
515 20.000000 0.420339
515 25.000000 0.489759
515 30.000000 0.554909
520 0.030000 0.004589
520 0.100000 0.010405
520 0.300000 0.021962
520 0.500000 0.031083
520 1.000000 0.049800
520 2.000000 0.079787
520 3.000000 0.105117
520 5.000000 0.148775
520 7.000000 0.187023
520 10.000000 0.238358
520 15.000000 0.314030
520 20.000000 0.381882
520 25.000000 0.444456
520 30.000000 0.503120
525 0.030000 0.004454
525 0.100000 0.010039
525 0.300000 0.021074
525 0.500000 0.029751
525 1.000000 0.047500
525 2.000000 0.075838
525 3.000000 0.099713
525 5.000000 0.140766
525 7.000000 0.176659
525 10.000000 0.224747
525 15.000000 0.295498
525 20.000000 0.358830
525 25.000000 0.417160
525 30.000000 0.471792
530 0.030000 0.004456
530 0.100000 0.009984
530 0.300000 0.020844
530 0.500000 0.029351
530 1.000000 0.046700
530 2.000000 0.074303
530 3.000000 0.097496
530 5.000000 0.137286
530 7.000000 0.172002
530 10.000000 0.218432
530 15.000000 0.286614
530 20.000000 0.347542
530 25.000000 0.403587
530 30.000000 0.456024
535 0.030000 0.004370
535 0.100000 0.009732
535 0.300000 0.020207
535 0.500000 0.028381
535 1.000000 0.045000
535 2.000000 0.071351
535 3.000000 0.093433
535 5.000000 0.131228
535 7.000000 0.164136
535 10.000000 0.208071
535 15.000000 0.272467
535 20.000000 0.329912
535 25.000000 0.382686
535 30.000000 0.432014
540 0.030000 0.004349
540 0.100000 0.009626
540 0.300000 0.019877
540 0.500000 0.027847
540 1.000000 0.044000
540 2.000000 0.069524
540 3.000000 0.090856
540 5.000000 0.127284
540 7.000000 0.158934
540 10.000000 0.201119
540 15.000000 0.262829
540 20.000000 0.317784
540 25.000000 0.368208
540 30.000000 0.415291
545 0.030000 0.004285
545 0.100000 0.009428
545 0.300000 0.019361
545 0.500000 0.027054
545 1.000000 0.042600
545 2.000000 0.067079
545 3.000000 0.087483
545 5.000000 0.122246
545 7.000000 0.152387
545 10.000000 0.192491
545 15.000000 0.251044
545 20.000000 0.303099
545 25.000000 0.350801
545 30.000000 0.395297
550 0.030000 0.004197
550 0.100000 0.009179
550 0.300000 0.018746
550 0.500000 0.026128
550 1.000000 0.041000
550 2.000000 0.064336
550 3.000000 0.083736
550 5.000000 0.116712
550 7.000000 0.145244
550 10.000000 0.183140
550 15.000000 0.238365
550 20.000000 0.287378
550 25.000000 0.332235
550 30.000000 0.374035
555 0.030000 0.004167
555 0.100000 0.009059
555 0.300000 0.018399
555 0.500000 0.025580
555 1.000000 0.040000
555 2.000000 0.062550
555 3.000000 0.081246
555 5.000000 0.112952
555 7.000000 0.140329
555 10.000000 0.176628
555 15.000000 0.229424
555 20.000000 0.276200
555 25.000000 0.318956
555 30.000000 0.358759
560 0.030000 0.004134
560 0.100000 0.008934
560 0.300000 0.018048
560 0.500000 0.025027
560 1.000000 0.039000
560 2.000000 0.060775
560 3.000000 0.078781
560 5.000000 0.109246
560 7.000000 0.135496
560 10.000000 0.170241
560 15.000000 0.220680
560 20.000000 0.265292
560 25.000000 0.306017
560 30.000000 0.343892
565 0.030000 0.004117
565 0.100000 0.008791
565 0.300000 0.017564
565 0.500000 0.024232
565 1.000000 0.037500
565 2.000000 0.058034
565 3.000000 0.074923
565 5.000000 0.103367
565 7.000000 0.127774
565 10.000000 0.159967
565 15.000000 0.206523
565 20.000000 0.247560
565 25.000000 0.284927
565 30.000000 0.319608
570 0.030000 0.004051
570 0.100000 0.008576
570 0.300000 0.017004
570 0.500000 0.023375
570 1.000000 0.036000
570 2.000000 0.055443
570 3.000000 0.071375
570 5.000000 0.098121
570 7.000000 0.121004
570 10.000000 0.151113
570 15.000000 0.194539
570 20.000000 0.232726
570 25.000000 0.267436
570 30.000000 0.299605
575 0.030000 0.003935
575 0.100000 0.008250
575 0.300000 0.016215
575 0.500000 0.022200
575 1.000000 0.034000
575 2.000000 0.052073
575 3.000000 0.066820
575 5.000000 0.091484
575 7.000000 0.112516
575 10.000000 0.140113
575 15.000000 0.179794
575 20.000000 0.214591
575 25.000000 0.246157
575 30.000000 0.275365
580 0.030000 0.003886
580 0.100000 0.008101
580 0.300000 0.015833
580 0.500000 0.021621
580 1.000000 0.033000
580 2.000000 0.050367
580 3.000000 0.064500
580 5.000000 0.088082
580 7.000000 0.108149
580 10.000000 0.134435
580 15.000000 0.172159
580 20.000000 0.205183
580 25.000000 0.235103
580 30.000000 0.262759
585 0.030000 0.003809
585 0.100000 0.007978
585 0.300000 0.015661
585 0.500000 0.021431
585 1.000000 0.032800
585 2.000000 0.050200
585 3.000000 0.064391
585 5.000000 0.088113
585 7.000000 0.108334
585 10.000000 0.134857
585 15.000000 0.172979
585 20.000000 0.206398
585 25.000000 0.236706
585 30.000000 0.264744
590 0.030000 0.003722
590 0.100000 0.007832
590 0.300000 0.015443
590 0.500000 0.021176
590 1.000000 0.032500
590 2.000000 0.049879
590 3.000000 0.064083
590 5.000000 0.087871
590 7.000000 0.108182
590 10.000000 0.134860
590 15.000000 0.173264
590 20.000000 0.206976
590 25.000000 0.237580
590 30.000000 0.265916
595 0.030000 0.003726
595 0.100000 0.007880
595 0.300000 0.015606
595 0.500000 0.021442
595 1.000000 0.033000
595 2.000000 0.050787
595 3.000000 0.065356
595 5.000000 0.089799
595 7.000000 0.110704
595 10.000000 0.138202
595 15.000000 0.177845
595 20.000000 0.212694
595 25.000000 0.244361
595 30.000000 0.273705
600 0.030000 0.003786
600 0.100000 0.008044
600 0.300000 0.016001
600 0.500000 0.022031
600 1.000000 0.034000
600 2.000000 0.052472
600 3.000000 0.067633
600 5.000000 0.093118
600 7.000000 0.114950
600 10.000000 0.143707
600 15.000000 0.185230
600 20.000000 0.221781
600 25.000000 0.255029
600 30.000000 0.285862
605 0.030000 0.003843
605 0.100000 0.008205
605 0.300000 0.016393
605 0.500000 0.022616
605 1.000000 0.035000
605 2.000000 0.054165
605 3.000000 0.069929
605 5.000000 0.096476
605 7.000000 0.119256
605 10.000000 0.149303
605 15.000000 0.192755
605 20.000000 0.231056
605 25.000000 0.265932
605 30.000000 0.298301
610 0.030000 0.003898
610 0.100000 0.008362
610 0.300000 0.016780
610 0.500000 0.023198
610 1.000000 0.036000
610 2.000000 0.055867
610 3.000000 0.072243
610 5.000000 0.099873
610 7.000000 0.123622
610 10.000000 0.154990
610 15.000000 0.200422
610 20.000000 0.240522
610 25.000000 0.277074
610 30.000000 0.311026
615 0.030000 0.004003
615 0.100000 0.008630
615 0.300000 0.017395
615 0.500000 0.024098
615 1.000000 0.037500
615 2.000000 0.058356
615 3.000000 0.075585
615 5.000000 0.104707
615 7.000000 0.129779
615 10.000000 0.162941
615 15.000000 0.211046
615 20.000000 0.253564
615 25.000000 0.292359
615 30.000000 0.328424
620 0.030000 0.004053
620 0.100000 0.008779
620 0.300000 0.017773
620 0.500000 0.024672
620 1.000000 0.038500
620 2.000000 0.060079
620 3.000000 0.077942
620 5.000000 0.108193
620 7.000000 0.134281
620 10.000000 0.168834
620 15.000000 0.219034
620 20.000000 0.263464
620 25.000000 0.304045
620 30.000000 0.341800
625 0.030000 0.004138
625 0.100000 0.009017
625 0.300000 0.018355
625 0.500000 0.025544
625 1.000000 0.040000
625 2.000000 0.062636
625 3.000000 0.081425
625 5.000000 0.113317
625 7.000000 0.140876
625 10.000000 0.177443
625 15.000000 0.230670
625 20.000000 0.277860
625 25.000000 0.321016
625 30.000000 0.361208
630 0.030000 0.004254
630 0.100000 0.009338
630 0.300000 0.019134
630 0.500000 0.026710
630 1.000000 0.042000
630 2.000000 0.066042
630 3.000000 0.086062
630 5.000000 0.120137
630 7.000000 0.149657
630 10.000000 0.188908
630 15.000000 0.246171
630 20.000000 0.297045
630 25.000000 0.343640
630 30.000000 0.387088
635 0.030000 0.004280
635 0.100000 0.009451
635 0.300000 0.019472
635 0.500000 0.027252
635 1.000000 0.043000
635 2.000000 0.067849
635 3.000000 0.088596
635 5.000000 0.123991
635 7.000000 0.154719
635 10.000000 0.195645
635 15.000000 0.255468
635 20.000000 0.308707
635 25.000000 0.357530
635 30.000000 0.403101
640 0.030000 0.004303
640 0.100000 0.009560
640 0.300000 0.019805
640 0.500000 0.027789
640 1.000000 0.044000
640 2.000000 0.069668
640 3.000000 0.091156
640 5.000000 0.127900
640 7.000000 0.159865
640 10.000000 0.202513
640 15.000000 0.264973
640 20.000000 0.320653
640 25.000000 0.371781
640 30.000000 0.419550
645 0.030000 0.004291
645 0.100000 0.009580
645 0.300000 0.019934
645 0.500000 0.028027
645 1.000000 0.044500
645 2.000000 0.070656
645 3.000000 0.092598
645 5.000000 0.130189
645 7.000000 0.162945
645 10.000000 0.206709
645 15.000000 0.270902
645 20.000000 0.328206
645 25.000000 0.380878
645 30.000000 0.430130
650 0.030000 0.004264
650 0.100000 0.009577
650 0.300000 0.020037
650 0.500000 0.028244
650 1.000000 0.045000
650 2.000000 0.071698
650 3.000000 0.094154
650 5.000000 0.132715
650 7.000000 0.166387
650 10.000000 0.211452
650 15.000000 0.277681
650 20.000000 0.336903
650 25.000000 0.391407
650 30.000000 0.442423
655 0.030000 0.004283
655 0.100000 0.009677
655 0.300000 0.020360
655 0.500000 0.028771
655 1.000000 0.046000
655 2.000000 0.073545
655 3.000000 0.096776
655 5.000000 0.136760
655 7.000000 0.171747
655 10.000000 0.218654
655 15.000000 0.287721
655 20.000000 0.349587
655 25.000000 0.406596
655 30.000000 0.460012
660 0.030000 0.004346
660 0.100000 0.009879
660 0.300000 0.020897
660 0.500000 0.029607
660 1.000000 0.047500
660 2.000000 0.076207
660 3.000000 0.100482
660 5.000000 0.142361
660 7.000000 0.179081
660 10.000000 0.228399
660 15.000000 0.301153
660 20.000000 0.366434
660 25.000000 0.426667
660 30.000000 0.483159
665 0.030000 0.004405
665 0.100000 0.010074
665 0.300000 0.021428
665 0.500000 0.030436
665 1.000000 0.049000
665 2.000000 0.078887
665 3.000000 0.104227
665 5.000000 0.148043
665 7.000000 0.186543
665 10.000000 0.238340
665 15.000000 0.314899
665 20.000000 0.383711
665 25.000000 0.447281
665 30.000000 0.506965
670 0.030000 0.004502
670 0.100000 0.010395
670 0.300000 0.022305
670 0.500000 0.031812
670 1.000000 0.051500
670 2.000000 0.083373
670 3.000000 0.110511
670 5.000000 0.157613
670 7.000000 0.199136
670 10.000000 0.255157
670 15.000000 0.338213
670 20.000000 0.413069
670 25.000000 0.482365
670 30.000000 0.547528
675 0.030000 0.004514
675 0.100000 0.010447
675 0.300000 0.022468
675 0.500000 0.032076
675 1.000000 0.052000
675 2.000000 0.084299
675 3.000000 0.111830
675 5.000000 0.159656
675 7.000000 0.201854
675 10.000000 0.258823
675 15.000000 0.343352
675 20.000000 0.419586
675 25.000000 0.490193
675 30.000000 0.556617
680 0.030000 0.004446
680 0.100000 0.010240
680 0.300000 0.021925
680 0.500000 0.031238
680 1.000000 0.050500
680 2.000000 0.081640
680 3.000000 0.108128
680 5.000000 0.154056
680 7.000000 0.194511
680 10.000000 0.249053
680 15.000000 0.329855
680 20.000000 0.402629
680 25.000000 0.469963
680 30.000000 0.533257
685 0.030000 0.004273
685 0.100000 0.009516
685 0.300000 0.019758
685 0.500000 0.027750
685 1.000000 0.044000
685 2.000000 0.069765
685 3.000000 0.091356
685 5.000000 0.128312
685 7.000000 0.160488
685 10.000000 0.203448
685 15.000000 0.266412
685 20.000000 0.322580
685 25.000000 0.374182
685 30.000000 0.422414
690 0.030000 0.004134
690 0.100000 0.008934
690 0.300000 0.018048
690 0.500000 0.025027
690 1.000000 0.039000
690 2.000000 0.060775
690 3.000000 0.078781
690 5.000000 0.109246
690 7.000000 0.135496
690 10.000000 0.170241
690 15.000000 0.220680
690 20.000000 0.265292
690 25.000000 0.306017
690 30.000000 0.343892
695 0.030000 0.003866
695 0.100000 0.008156
695 0.300000 0.016117
695 0.500000 0.022123
695 1.000000 0.034000
695 2.000000 0.052254
695 3.000000 0.067188
695 5.000000 0.092223
695 7.000000 0.113616
695 10.000000 0.141736
695 15.000000 0.182245
695 20.000000 0.217830
695 25.000000 0.250151
695 30.000000 0.280088
700 0.030000 0.003659
700 0.100000 0.007536
700 0.300000 0.014568
700 0.500000 0.019793
700 1.000000 0.030000
700 2.000000 0.045471
700 3.000000 0.057995
700 5.000000 0.078796
700 7.000000 0.096423
700 10.000000 0.119432
700 15.000000 0.152327
700 20.000000 0.181025
700 25.000000 0.206959
700 30.000000 0.230884
