400	0.687
405	0.781
410	0.828
415	0.883
420	0.913
425	0.939
430	0.973
435	1.001
440	1
445	0.971
450	0.944
455	0.928
460	0.917
465	0.902
470	0.87
475	0.839
480	0.798
485	0.773
490	0.75
495	0.717
500	0.668
505	0.645
510	0.618
515	0.582
520	0.528
525	0.504
530	0.474
535	0.444
540	0.416
545	0.384
550	0.357
555	0.321
560	0.294
565	0.273
570	0.276
575	0.268
580	0.291
585	0.274
590	0.282
595	0.249
600	0.236
605	0.279
610	0.252
615	0.268
620	0.276
625	0.299
630	0.317
635	0.333
640	0.334
645	0.326
650	0.356
655	0.389
660	0.441
665	0.534
670	0.595
675	0.544
680	0.502
685	0.42
690	0.329
695	0.262
700	0.215
