 350  .0993  .0094  .0000  .0000      351  .1057  .0115  .0000  .0000
 352  .0933  .0092  .0000  .0000      353  .0994  .0059  .0000  .0000
 354  .1126  .0037  .0000  .0000      355  .1097  .0024  .0000  .0000
 356  .0999  .0016  .0000  .0000      357  .0915  .0010  .0000  .0000
 358  .0760  .0007  .0000  .0000      359  .0883  .0005  .0000  .0000
 360  .1059  .0003  .0000  .0000      361  .0937  .0002  .0000  .0000
 362  .1036  .0002  .0000  .0000      363  .1068  .0002  .0000  .0000
 364  .0987  .0001  .0000  .0000      365  .1140  .0001  .0000  .0000
 366  .1258  .0001  .0000  .0000      367  .1233  .0001  .0000  .0000
 368  .1153  .0001  .0000  .0000      369  .1211  .0001  .0000  .0000
 370  .1205  .0001  .0000  .0000      371  .1193  .0001  .0000  .0000
 372  .1187  .0001  .0000  .0000      373  .0952  .0001  .0000  .0000
 374  .0859  .0001  .0000  .0000      375  .1011  .0001  .0000  .0000
 376  .1123  .0001  .0000  .0000      377  .1198  .0001  .0000  .0000
 378  .1318  .0001  .0000  .0000      379  .1172  .0001  .0000  .0000
 380  .1146  .0000  .0000  .0000      381  .1194  .0000  .0000  .0000
 382  .0916  .0000  .0000  .0000      383  .0709  .0000  .0000  .0000
 384  .0856  .0000  .0000  .0000      385  .0991  .0000  .0000  .0000
 386  .1013  .0000  .0000  .0000      387  .1019  .0000  .0000  .0000
 388  .0940  .0000  .0000  .0000      389  .1071  .0000  .0000  .0000
 390  .1227  .0000  .0000  .0000      391  .1312  .0000  .0000  .0000
 392  .1178  .0000  .0000  .0000      393  .0723  .0000  .0000  .0000
 394  .0796  .0000  .0000  .0000      395  .1241  .0000  .0000  .0000
 396  .1015  .0000  .0000  .0000      397  .0846  .0000  .0000  .0000
 398  .1290  .0000  .0000  .0000      399  .1598  .0000  .0000  .0000
 400  .1674  .0000  .0000  .0000      401  .1725  .0000  .0000  .0000
 402  .1802  .0000  .0000  .0000      403  .1733  .0000  .0000  .0000
 404  .1632  .0000  .0000  .0000      405  .1639  .0000  .0000  .0000
 406  .1650  .0000  .0000  .0000      407  .1686  .0000  .0000  .0000
 408  .1687  .0000  .0000  .0000      409  .1767  .0000  .0000  .0000
 410  .1606  .0000  .0000  .0000      411  .1663  .0000  .0000  .0000
 412  .1808  .0000  .0000  .0000      413  .1777  .0000  .0000  .0000
 414  .1750  .0000  .0000  .0000      415  .1739  .0000  .0000  .0000
 416  .1791  .0000  .0000  .0000      417  .1758  .0000  .0000  .0000
 418  .1678  .0000  .0000  .0000      419  .1696  .0000  .0000  .0000
 420  .1734  .0000  .0000  .0000      421  .1782  .0000  .0000  .0000
 422  .1694  .0000  .0000  .0000      423  .1650  .0000  .0000  .0000
 424  .1743  .0001  .0000  .0000      425  .1735  .0002  .0000  .0000
 426  .1700  .0003  .0000  .0000      427  .1637  .0004  .0000  .0000
 428  .1582  .0006  .0000  .0000      429  .1535  .0008  .0000  .0000
 430  .1308  .0010  .0000  .0000      431  .1414  .0011  .0000  .0000
 432  .1670  .0013  .0000  .0000      433  .1692  .0015  .0000  .0000
 434  .1704  .0017  .0000  .0000      435  .1700  .0019  .0000  .0000
 436  .1830  .0020  .0000  .0000      437  .1872  .0022  .0000  .0000
 438  .1691  .0024  .0000  .0000      439  .1700  .0026  .0000  .0000
 440  .1773  .0027  .0000  .0000      441  .1826  .0028  .0000  .0000
 442  .1960  .0029  .0000  .0000      443  .1949  .0030  .0000  .0000
 444  .1946  .0030  .0000  .0000      445  .1902  .0029  .0000  .0000
 446  .1862  .0029  .0000  .0000      447  .1989  .0028  .0000  .0000
 448  .2030  .0028  .0000  .0000      449  .2005  .0028  .0000  .0000
 450  .2090  .0030  .0000  .0000      451  .2131  .0033  .0000  .0000
 452  .2030  .0038  .0000  .0000      453  .1960  .0043  .0000  .0000
 454  .1979  .0049  .0000  .0000      455  .2011  .0054  .0000  .0000
 456  .2060  .0060  .0000  .0000      457  .2093  .0066  .0000  .0000
 458  .2040  .0072  .0000  .0000      459  .1995  .0077  .0000  .0000
 460  .2029  .0082  .0000  .0000      461  .2052  .0086  .0000  .0000
 462  .2084  .0087  .0000  .0000      463  .2077  .0087  .0000  .0000
 464  .2013  .0085  .0000  .0000      465  .2014  .0082  .0000  .0000
 466  .1986  .0078  .0000  .0000      467  .1973  .0075  .0000  .0000
 468  .2009  .0073  .0000  .0000      469  .1997  .0072  .0000  .0000
 470  .1939  .0074  .0000  .0000      471  .1952  .0079  .0000  .0000
 472  .2034  .0087  .0000  .0000      473  .2021  .0097  .0000  .0000
 474  .2026  .0108  .0000  .0000      475  .2039  .0119  .0000  .0000
 476  .1991  .0131  .0000  .0000      477  .2025  .0143  .0000  .0000
 478  .2047  .0154  .0000  .0000      479  .2048  .0166  .0000  .0000
 480  .2060  .0177  .0000  .0000      481  .2067  .0187  .0000  .0000
 482  .2054  .0196  .0000  .0000      483  .2047  .0202  .0000  .0000
 484  .2011  .0205  .0000  .0000      485  .1950  .0203  .0000  .0000
 486  .1687  .0197  .0000  .0000      487  .1723  .0191  .0000  .0000
 488  .1874  .0185  .0000  .0000      489  .1949  .0182  .0000  .0000
 490  .1938  .0183  .0000  .0000      491  .1900  .0187  .0000  .0000
 492  .1909  .0193  .0000  .0000      493  .1941  .0201  .0000  .0000
 494  .1954  .0209  .0000  .0000      495  .2003  .0218  .0000  .0000
 496  .2003  .0228  .0000  .0000      497  .2003  .0239  .0000  .0000
 498  .1973  .0250  .0000  .0000      499  .1933  .0263  .0000  .0000
 500  .1871  .0279  .0000  .0000      501  .1832  .0297  .0000  .0000
 502  .1890  .0317  .0000  .0000      503  .1928  .0337  .0000  .0000
 504  .1925  .0358  .0000  .0000      505  .1924  .0377  .0000  .0000
 506  .1956  .0394  .0000  .0000      507  .1977  .0406  .0000  .0000
 508  .1953  .0412  .0000  .0000      509  .1941  .0409  .0000  .0000
 510  .1939  .0399  .0000  .0000      511  .1939  .0387  .0000  .0000
 512  .1913  .0377  .0000  .0000      513  .1900  .0371  .0000  .0000
 514  .1872  .0373  .0000  .0000      515  .1858  .0380  .0000  .0000
 516  .1744  .0392  .0000  .0000      517  .1688  .0405  .0000  .0000
 518  .1725  .0421  .0000  .0000      519  .1743  .0437  .0000  .0000
 520  .1828  .0454  .0000  .0000      521  .1862  .0471  .0000  .0000
 522  .1891  .0488  .0000  .0000      523  .1908  .0506  .0000  .0000
 524  .1922  .0523  .0000  .0000      525  .1873  .0541  .0000  .0000
 526  .1843  .0559  .0000  .0000      527  .1834  .0576  .0000  .0000
 528  .1830  .0594  .0000  .0000      529  .1921  .0611  .0000  .0000
 530  .1959  .0628  .0000  .0000      531  .1952  .0645  .0000  .0000
 532  .1948  .0662  .0000  .0000      533  .1872  .0677  .0000  .0000
 534  .1859  .0691  .0000  .0000      535  .1951  .0703  .0000  .0000
 536  .1941  .0711  .0000  .0000      537  .1861  .0715  .0000  .0000
 538  .1858  .0717  .0000  .0000      539  .1851  .0718  .0000  .0000
 540  .1840  .0721  .0000  .0000      541  .1819  .0727  .0000  .0000
 542  .1847  .0737  .0000  .0000      543  .1875  .0748  .0000  .0000
 544  .1893  .0761  .0000  .0000      545  .1911  .0774  .0000  .0000
 546  .1889  .0787  .0000  .0000      547  .1867  .0801  .0000  .0000
 548  .1875  .0814  .0000  .0000      549  .1883  .0826  .0000  .0000
 550  .1878  .0838  .0000  .0000      551  .1874  .0848  .0000  .0000
 552  .1870  .0858  .0000  .0000      553  .1869  .0867  .0000  .0000
 554  .1889  .0876  .0000  .0000      555  .1896  .0885  .0000  .0000
 556  .1840  .0895  .0000  .0000      557  .1826  .0907  .0000  .0000
 558  .1817  .0921  .0000  .0000      559  .1815  .0939  .0000  .0000
 560  .1823  .0959  .0000  .0000      561  .1824  .0980  .0000  .0000
 562  .1860  .1003  .0000  .0000      563  .1868  .1026  .0000  .0000
 564  .1848  .1049  .0000  .0000      565  .1844  .1072  .0000  .0000
 566  .1844  .1094  .0000  .0060      567  .1844  .1115  .0000  .0141
 568  .1852  .1135  .0000  .0224      569  .1853  .1151  .0000  .0297
 570  .1805  .1164  .0000  .0337      571  .1799  .1173  .0000  .0322
 572  .1884  .1181  .0000  .0274      573  .1894  .1186  .0000  .0215
 574  .1861  .1191  .0000  .0158      575  .1857  .1194  .0000  .0116
 576  .1857  .1195  .0000  .0104      577  .1857  .1193  .0000  .0106
 578  .1822  .1187  .0000  .0105      579  .1823  .1179  .0000  .0082
 580  .1852  .1169  .0000  .0002      581  .1853  .1159  .0000  .0000
 582  .1866  .1147  .0000  .0000      583  .1866  .1136  .0000  .0000
 584  .1861  .1124  .0000  .0000      585  .1859  .1113  .0000  .0026
 586  .1810  .1103  .0000  .1233      587  .1808  .1093  .0000  .2843
 588  .1765  .1086  .0000  .4539      589  .1765  .1082  .0000  .6053
 590  .1761  .1082  .0000  .7000      591  .1766  .1089  .0000  .6971
 592  .1797  .1102  .0000  .6357      593  .1797  .1117  .0000  .5493
 594  .1794  .1134  .0000  .4543      595  .1798  .1152  .0000  .3613
 596  .1818  .1170  .0000  .2779      597  .1810  .1188  .0000  .2019
 598  .1763  .1206  .0000  .1315      599  .1761  .1222  .0000  .0692
 600  .1752  .1236  .0000  .0226      601  .1747  .1247  .0000  .0218
 602  .1729  .1253  .0000  .0172      603  .1737  .1252  .0000  .0111
 604  .1772  .1246  .0000  .0005      605  .1768  .1238  .0000  .0003
 606  .1751  .1227  .0000  .0000      607  .1749  .1215  .0000  .0000
 608  .1742  .1203  .0000  .0000      609  .1734  .1190  .0000  .0000
 610  .1726  .1177  .0000  .0000      611  .1735  .1164  .0000  .0000
 612  .1744  .1150  .0000  .0000      613  .1726  .1136  .0000  .0000
 614  .1709  .1123  .0000  .0000      615  .1693  .1109  .0000  .0000
 616  .1677  .1096  .0000  .0000      617  .1705  .1082  .0000  .0000
 618  .1733  .1068  .0000  .0000      619  .1732  .1054  .0000  .0000
 620  .1731  .1041  .0000  .0000      621  .1717  .1027  .0000  .0000
 622  .1704  .1013  .0000  .0000      623  .1684  .1000  .0000  .0000
 624  .1666  .0986  .0000  .0000      625  .1669  .0972  .0000  .0000
 626  .1671  .0959  .0021  .0009      627  .1689  .0945  .0049  .0021
 628  .1701  .0931  .0078  .0033      629  .1674  .0917  .0103  .0043
 630  .1656  .0904  .0114  .0047      631  .1655  .0890  .0103  .0042
 632  .1654  .0876  .0078  .0031      633  .1654  .0863  .0049  .0018
 634  .1654  .0849  .0021  .0007      635  .1658  .0835  .0000  .0000
 636  .1661  .0822  .0000  .0001      637  .1662  .0808  .0000  .0007
 638  .1663  .0794  .0000  .0014      639  .1643  .0780  .0000  .0017
 640  .1630  .0767  .0000  .0011      641  .1622  .0753  .0000  .0000
 642  .1616  .0739  .0000  .0000      643  .1624  .0726  .0000  .0000
 644  .1629  .0712  .0000  .0000      645  .1619  .0699  .0000  .0111
 646  .1612  .0685  .0000  .0384      647  .1611  .0672  .0000  .0743
 648  .1610  .0659  .0000  .1122      649  .1582  .0647  .0000  .1473
 650  .1564  .0636  .0000  .1728      651  .1585  .0625  .0000  .1813
 652  .1600  .0615  .0000  .1791      653  .1599  .0606  .0000  .1714
 654  .1598  .0597  .0000  .1596      655  .1462  .0589  .0000  .1422
 656  .1371  .0580  .0000  .1169      657  .1377  .0572  .0000  .0874
 658  .1415  .0563  .0000  .0571      659  .1460  .0555  .0000  .0291
 660  .1505  .0547  .0000  .0080      661  .1548  .0538  .0000  .0000
 662  .1581  .0530  .0000  .0000      663  .1584  .0521  .0000  .0000
 664  .1576  .0513  .0000  .0000      665  .1566  .0505  .0000  .0011
 666  .1557  .0496  .0000  .0017      667  .1550  .0488  .0000  .0015
 668  .1543  .0479  .0000  .0011      669  .1537  .0471  .0000  .0005
 670  .1531  .0463  .0000  .0001      671  .1525  .0454  .0000  .0000
 672  .1519  .0446  .0000  .0000      673  .1512  .0437  .0000  .0000
 674  .1506  .0429  .0000  .0000      675  .1500  .0421  .0000  .0000
 676  .1494  .0412  .0000  .0000      677  .1488  .0404  .0000  .0000
 678  .1481  .0396  .0000  .0000      679  .1476  .0387  .0000  .0000
 680  .1472  .0379  .0000  .0004      681  .1469  .0370  .0000  .0006
 682  .1466  .0362  .0000  .0008      683  .1463  .0354  .0000  .0010
 684  .1460  .0345  .0000  .0014      685  .1457  .0337  .0000  .0017
 686  .1454  .0328  .0672  .0016      687  .1450  .0320  .8100  .0015
 688  .1447  .0312  .6500  .0014      689  .1444  .0303  .5052  .0013
 690  .1441  .0295  .3604  .0013      691  .1438  .0287  .3250  .0842
 692  .1435  .0278  .2480  .1961      693  .1432  .0270  .1566  .3173
 694  .1429  .0262  .0678  .4341      695  .1426  .0254  .0008  .5299
 696  .1423  .0245  .0000  .5878      697  .1420  .0238  .0000  .6207
 698  .1417  .0230  .0000  .6373      699  .1414  .0223  .0000  .6359
 700  .1411  .0216  .0000  0.60200
 701  .1390  .0216  .0000  0.54305
 702  .1390  .0216  .0000  0.48410
 703  .1390  .0215  .0000  0.42515
 704  .1404  .0215  .0000  0.36620
 705  .1419  .0214  .0000  0.30725
 706  .1411  .0214  .0000  0.24830
 707  .1404  .0213  .0000  0.18935
 708  .1396  .0213  .0000  0.13040
 709  .1388  .0212  .0000  0.07145
 710  .1389  .0212  .0000  0.01250
 711  .1389  .0208  .0000  0.23594
 712  .1383  .0164  .0000  0.45937
 713  .1377  .0120  .0000  0.68281
 714  .1373  .0155  .0000  0.90625
 715  .1370  .0191  .0000  1.12969
 716  .1363  .0187  .0000  1.13531
 717  .1357  .0183  .0000  1.57656
 718  .1344  .0179  .0000  1.80000
 719  .1331  .0175  .0000  1.90940
 720  .1333  .0171  .0000  2.01880
 721  .1334  .0168  .0000  2.12810
 722  .1342  .0165  .0000  2.23750
 723  .1351  .0161  .0000  2.34690
 724  .1352  .0157  .0000  2.37655
 725  .1353  .0154  .0000  2.40620
 726  .1351  .0151  .0000  2.24985
 727  .1349  .0148  .0000  2.09350
 728  .1355  .0144  .0000  1.93715
 729  .1322  .0141  .0000  1.78080
 730  .1326  .0138  .0000  1.62450
 731  .1329  .0134  .0000  1.46810
 732  .1325  .0130  .0000  1.31175
 733  .1321  .0127  .0000  1.15540
 734  .1316  .0123  .0000  0.99905
 735  .1312  .0119  .0000  0.84270
 736  .1311  .0115  .0000  0.68635
 737  .1310  .0111  .0000  0.53000
 738  .1295  .0107  .0000  0.37365
 739  .1281  .0104  .0000  0.21730
 740  .1271  .0100  .0000  0.06100
 741  .1261  .0092  .0000  0.05620
 742  .1275  .0083  .0000  0.05040
 743  .1289  .0074  .0000  0.04660
 744  .1285  .0066  .0000  0.04175
 745  .1282  .0058  .0000  0.03690
 746  .1284  .0050  .0000  0.03210
 747  .1286  .0042  .0000  0.02730
 748  .1279  .0034  .0000  0.02250
 749  .1273  .0026  .0000  0.01770
 750  .1269  .0018  .0000  0.01285
 751  .1265  .0010  .0000  0.00800
 752  .1263  .0005  .0000  0.00435
 753  .1262  .0000  .0000  0.00070
 754  .1260  .0000  .0000  0.00055
 755  .1258  .0000  .0000  0.00040
 756  .1254  .0000  .0000  0.00025
 757  .1251  .0000  .0000  0.00010
 758  .1247  .0000  .0000  0.00008
 759  .1243  .0000  .0000  0.00007
 760  .1241  .0000  .0000  0.00005
 761  .1240  .0000  .0000  0.00004
 762  .1242  .0000  1.817  0.00002
 763  .1244  .0000  3.635  0.00001
 764  .1234  .0000  2.905  0.00001
 765  .1224  .0000  2.175  0.00001
 766  .1206  .0000  1.445  0.00001
 767  .1188  .0000  0.715  0.00001
 768  .1197  .0000  0.357  0.00004
 769  .1206  .0000  .0000  0.00007
 770  .1206  .0000  .0000  0.00011
 771  .1207  .0000  .0000  0.00015
 772  .1209  .0000  .0000  0.00019
 773  .1211  .0000  .0000  0.00024
 774  .1201  .0000  .0000  0.00027
 775  .1191  .0000  .0000  0.00031
 776  .1195  .0000  .0000  0.00035
 777  .1199  .0000  .0000  0.00039
 778  .1194  .0000  .0000  0.00043
 779  .1190  .0000  .0000  0.00047
 780  .1190  .0000  .0000  0.00060
 781  .1190  .0000  .0000  0.00237
 782  .1184  .0000  .0000  0.00414
 783  .1179  .0000  .0000  0.00591
 784  .1181  .0000  .0000  0.00768
 785  .1183  .0000  .0000  0.00945
 786  .1181  .0000  .0000  0.01122
 787  .1180  .0000  .0000  0.01299
 788  .1175  .0000  .0000  0.01476
 789  .1170  .0000  .0000  0.01653
 790  .1165  .0000  .0000  0.01830
 791  .1161  .0000  .0000  0.02007
 792  .1153  .0000  .0000  0.02184
 793  .1146  .0000  .0000  0.02361
 794  .1141  .0000  .0000  0.02538
 795  .1137  .0000  .0000  0.02715
 796  .1146  .0000  .0000  0.02892
 797  .1155  .0000  .0000  0.03069
 798  .1146  .0000  .0000  0.03246
 799  .1138  .0000  .0000  0.03423
 800  .1142  .0000  .0000  0.03600
 801  .1145  .0000  .0000  0.13375
 802  .1138  .0000  .0000  0.23150
 803  .1132  .0000  .0000  0.32925
 804  .1125  .0000  .0000  0.42700
 805  .1118  .0000  .0000  0.52475
 806  .1120  .0000  .0000  0.62250
 807  .1123  .0000  .0000  0.72025
 808  .1110  .0000  .0000  0.81800
 809  .1098  .0000  .0000  0.91575
 810  .1107  .0000  .0000  1.01350
 811  .1117  .0000  .0000  1.11125
 812  .1117  .0000  .0000  1.20900
 813  .1118  .0000  .0000  1.30675
 814  .1114  .0000  .0000  1.40450
 815  .1110  .0000  .0000  1.50225
 816  .1109  .0000  .0000  1.60000
 817  .1107  .0000  .0000  1.71688
 818  .1086  .0000  .0000  1.83376
 819  .1066  .0000  .0000  1.95065
 820  .1074  .0000  .0000  2.06753
 821  .1083  .0000  .0000  2.18442
 822  .1079  .0000  .0000  2.30130
 823  .1076  .0000  .0000  2.41818
 824  .1077  .0000  .0000  2.29242
 825  .1078  .0000  .0000  2.16667
 826  .1078  .0000  .0000  1.91026
 827  .1079  .0000  .0000  1.65385
 828  .1077  .0000  .0000  1.39744
 829  .1075  .0000  .0000  1.14103
 830  .1072  .0000  .0000  0.88462
 831  .1070  .0000  .0000  0.62821
 832  .1052  .0000  .0000  0.53366
 833  .1035  .0000  .0000  0.43912
 834  .1044  .0000  .0000  0.39853
 835  .1054  .0000  .0000  0.35794
 836  .1053  .0000  .0000  0.31735
 837  .1053  .0000  .0000  0.27676
 838  .1048  .0000  .0000  0.23617
 839  .1043  .0000  .0000  0.19559
 840  .1045  .0000  .0000  0.15500
 841  .1046  .0000  .0000  0.14725
 842  .1037  .0000  .0000  0.13950
 843  .1029  .0000  .0000  0.13175
 844  .1031  .0000  .0000  0.12400
 845  .1034  .0000  .0000  0.11625
 846  .1030  .0000  .0000  0.10850
 847  .1026  .0000  .0000  0.10075
 848  .0999  .0000  .0000  0.09300
 849  .0972  .0000  .0000  0.08525
 850  .0988  .0000  .0000  0.07750
 851  .1004  .0000  .0000  0.06976
 852  .0989  .0000  .0000  0.06202
 853  .0974  .0000  .0000  0.05426
 854  .0926  .0000  .0000  0.04651
 855  .0878  .0000  .0000  0.03876
 856  .0945  .0000  .0000  0.03101
 857  .1012  .0000  .0000  0.02326
 858  .1005  .0000  .0000  0.01551
 859  .0998  .0000  .0000  0.00776
 860  .0998  .0000  .0000  0.00001
 861  .0998  .0000  .0000  0.00014
 862  .0999  .0000  .0000  0.00027
 863  .1000  .0000  .0000  0.00040
 864  .0985  .0000  .0000  0.00053
 865  .0971  .0000  .0000  0.00066
 866  .0926  .0000  .0000  0.00079
 867  .0881  .0000  .0000  0.00092
 868  .0924  .0000  .0000  0.00105
 869  .0968  .0000  .0000  0.00118
 870  .0969  .0000  .0000  0.00131
 871  .0971  .0000  .0000  0.00144
 872  .0972  .0000  .0000  0.00155
 873  .0974  .0000  .0000  0.00170
 874  .0975  .0000  .0000  0.00183
 875  .0977  .0000  .0000  0.00195
 876  .0978  .0000  .0000  0.00208
 877  .0980  .0000  .0000  0.00221
 878  .0981  .0000  .0000  0.00234
 879  .0982  .0000  .0000  0.00247
 880  .0984  .0000  .0000  0.00260
 881  .0982  .0000  .0000  0.28249
 882  .0980  .0000  .0000  0.56239
 883  .0978  .0000  .0000  0.84229
 884  .0976  .0000  .0000  1.12218
 885  .0974  .0000  .0000  1.40208
 886  .0972  .0000  .0000  1.68197
 887  .0970  .0000  .0000  1.96187
 888  .0968  .0000  .0000  2.24176
 889  .0965  .0000  .0000  2.52166
 890  .0963  .0000  .0000  2.80156
 891  .0961  .0000  .0000  3.08145
 892  .0959  .0000  .0000  3.36135
 893  .0957  .0000  .0000  3.64125
 894  .0955  .0000  .0000  3.92114
 895  .0953  .0000  .0000  4.20104
 896  .0951  .0000  .0000  4.48093
 897  .0949  .0000  .0000  4.76083
 898  .0947  .0000  .0000  5.04073
 899  .0945  .0000  .0000  5.32062
 900  .0943  .0000  .0000  5.60052
 901  .0931  .0000  .0000  5.88041
 902  .0939  .0000  .0000  6.16031
