400 0.0209
405 0.0200
410 0.0196
415 0.0189
420 0.0183
425 0.0182
430 0.0171
435 0.0170
440 0.0168
445 0.0166
450 0.0168
455 0.0170
460 0.0173
465 0.0174
470 0.0175
475 0.0184
480 0.0194
485 0.0203
490 0.0217
495 0.0240
500 0.0271
505 0.0320
510 0.0384
515 0.0445
520 0.0490
525 0.0505
530 0.0518
535 0.0543
540 0.0568
545 0.0615
550 0.0640
555 0.0683
560 0.0717
565 0.0762
570 0.0807
575 0.0940
580 0.1070
585 0.1280
590 0.1570
595 0.2000
600 0.2530
605 0.2790
610 0.2960
615 0.3030
620 0.3100
625 0.3150
630 0.3200
635 0.3250
640 0.3300
645 0.3400
650 0.3500
655 0.3700
660 0.4050
665 0.4180
670 0.4300
675 0.4400
680 0.4500
685 0.4700
690 0.5000
695 0.5500
700 0.6500
